username,is_bot,status,account_age_days,total_karma,comment_karma,link_karma,has_verified_email,public_description_length,comments_analyzed,avg_comment_len,avg_comment_rate_ph,submissions_analyzed,avg_submission_score,link_post_ratio,error_details
greatlakesseakayaker,0,Success,2129,47528,46681,847,True,0,100,71.84,0.15773395889453032,23,67.6086956521739,0.782608695652174,N/A
Capybara10_,0,Success,0,4,0,4,True,74,2,25.0,0.09766552271401635,7,1.2857142857142858,0.0,N/A
JellyCharming8918,0,Success,56,2816,2812,4,True,0,0,0.0,0.0,0,0.0,0.0,N/A
Imaginary_Chair_6958,0,Success,1080,115692,115608,84,True,0,100,187.92,1.5056902544198283,7,8.142857142857142,0.0,N/A
BadgerPhil,0,Success,3072,18344,18195,149,True,0,100,362.39,0.043560473371664125,6,30.666666666666668,0.8333333333333334,N/A
bungle_bogs,0,Success,2803,160172,146807,13365,True,0,100,170.47,0.06867960221537503,100,153.49,0.56,N/A
random-made-up-words,0,Success,429,1972,1508,464,False,0,100,228.1,0.24775028973019994,4,244.75,0.25,N/A
12001ants,0,Success,2436,11877,9445,2432,True,0,100,298.75,0.01161011455119522,33,122.27272727272727,0.30303030303030304,N/A
volumniafoxx,0,Success,521,4303,4302,1,True,0,100,375.98,0.010875499128766784,0,0.0,0.0,N/A
Ok-Armadillo-392,0,Success,98,13924,13502,422,True,0,0,0.0,0.0,0,0.0,0.0,N/A
LukesLostRightHand,0,Success,294,124,123,1,True,0,100,60.47,0.029181911851333724,0,0.0,0.0,N/A
Ok-Locksmith-8592,0,Success,1705,23,22,1,True,0,17,46.705882352941174,0.005451913278589116,0,0.0,0.0,N/A
akiomaster,0,Success,4132,54027,53478,549,True,0,100,197.76,0.061382089354248486,18,54.72222222222222,0.8333333333333334,N/A
PM_me_your_O_face_,0,Success,2274,16704,16627,77,True,0,100,221.77,0.0744465365299849,2,52.5,0.5,N/A
schermdogg,0,Success,2047,15,9,6,True,0,36,122.94444444444444,0.0007349088967294166,4,4.0,0.0,N/A
DryQuill,0,Success,131,654,653,1,True,4,0,0.0,0.0,0,0.0,0.0,N/A
kothuandnecto,0,Success,8,7,6,1,True,0,0,0.0,0.0,0,0.0,0.0,N/A
QuillQuickcard,0,Success,2344,350863,274457,76406,True,51,100,321.08,0.6595194301752123,21,6215.571428571428,0.9047619047619048,N/A
lostShellky,0,Success,541,427,150,277,True,0,0,0.0,0.0,0,0.0,0.0,N/A
BoxcarSlim,0,Success,3150,17500,11580,5920,True,0,0,0.0,0.0,0,0.0,0.0,N/A
Krinder,0,Success,3242,86048,82383,3665,True,0,100,148.97,0.14905054800918152,12,494.0,0.16666666666666666,N/A
RubyMae4,0,Success,899,96332,94728,1604,False,0,100,213.6,0.20116047241419388,18,127.94444444444444,0.0,N/A
TrulyNotABot,0,Success,62,5614,5613,1,True,0,100,90.92,0.20033188315309028,0,0.0,0.0,N/A
Face_73,0,Success,3174,1979,1934,45,True,0,100,129.32,0.007422047013348696,30,2.2666666666666666,0.06666666666666667,N/A
DogsReadingBooks,0,Success,2607,1006952,835708,171244,True,10,100,129.11,0.5207097852939986,100,648.88,0.99,N/A
CranberryCheese1997,0,Success,560,31629,29406,2223,True,0,0,0.0,0.0,0,0.0,0.0,N/A
Wind_Responsible,0,Success,1786,47380,43959,3421,True,0,100,120.17,0.41196954629564997,100,43.7,0.43,N/A
RollingMeteors,0,Success,982,46181,38109,8072,True,0,100,216.34,0.7488019169329074,100,11.65,0.82,N/A
rpphil96,0,Success,3235,50346,18566,31780,True,88,100,73.61,0.5988362615317566,100,127.74,0.84,N/A
420andGamesDiscord,0,Success,5,308,251,57,True,63,100,40.71,2.665146546044108,21,7.428571428571429,0.0,N/A
MilkiestMaestro,0,Success,760,86841,86516,325,True,0,0,0.0,0.0,0,0.0,0.0,N/A
R4ndomUs3r43,0,Success,2,1,0,1,True,0,1,187.0,1.0,1,1.0,0.0,N/A
AllCityKingz_Levi,0,Success,63,994,70,924,True,26,0,0.0,0.0,0,0.0,0.0,N/A
BlackRoses97xo,0,Success,1,264,84,180,True,30,29,27.103448275862068,0.703840786360051,2,93.0,1.0,N/A
Kasper_Onza,0,Success,3059,17734,17733,1,True,0,100,133.93,0.014346943853872871,0,0.0,0.0,N/A
Kielbasa_Nunchucka,0,Success,1576,44551,44314,237,True,0,100,159.06,0.8679404496413718,31,14.387096774193548,0.3225806451612903,N/A
PilotedByGhosts,0,Success,1023,11878,7343,4535,True,0,100,221.48,0.4366012532881532,100,77.55,0.12,N/A
Ok_Display9410,0,Success,847,3390,1173,2217,True,0,100,84.75,0.20692366585966437,59,82.40677966101696,0.5423728813559322,N/A
Sunset-Papi,0,Success,1745,2274,2053,221,True,0,100,132.45,0.03561923042673817,6,70.16666666666667,0.6666666666666666,N/A
IreneJoyful21,0,Success,19,363,79,284,True,0,43,86.13953488372093,0.09424743604964429,2,352.0,0.5,N/A
MarbleousMel,0,Success,3290,112847,105396,7451,True,0,100,204.58,0.14183972426357602,23,770.0434782608696,0.9130434782608695,N/A
Relative_Basis_2175,0,Success,1125,1887,1886,1,True,0,100,100.43,0.036263388241475486,3,0.6666666666666666,0.0,N/A
Christoaster,0,Success,5022,124394,88059,36335,True,0,100,105.85,0.05513223696754319,100,156.8,0.45,N/A
SassyHeadlessUnicorn,0,Success,5,1629,1628,1,True,0,0,0.0,0.0,0,0.0,0.0,N/A
noahsmybro,0,Success,4292,21420,19958,1462,True,0,100,221.33,0.05597778179642965,100,21.71,0.16,N/A
2reddit4me,0,Success,3607,147094,142648,4446,False,0,0,0.0,0.0,0,0.0,0.0,N/A
isthatgum,0,Success,3518,14721,14110,611,True,0,100,170.8,0.01584330618113388,4,201.25,0.25,N/A
Jackass-OfAll-Trades,0,Success,246,70211,8322,61889,True,0,0,0.0,0.0,0,0.0,0.0,N/A
InteractionOpen9189,0,Success,207,235,166,69,True,0,0,0.0,0.0,0,0.0,0.0,N/A
GrookeyGrassMonkey,0,Success,613,35509,35504,5,False,0,100,35.25,5.929928017262679,5,1.2,0.0,N/A
inkedarticlez,0,Success,911,32,7,25,True,0,100,111.38,0.005325862213819786,5,5.4,0.8,N/A
LazyImmigrant,0,Success,1444,43197,40595,2602,True,0,100,229.02,0.16006822463441084,66,66.0909090909091,0.42424242424242425,N/A
Ready_Trade_2329,0,Success,0,1,0,1,True,0,3,40.333333333333336,57.142857142857146,0,0.0,0.0,N/A
Nanashi_VII,0,Success,764,2538,2494,44,True,0,0,0.0,0.0,0,0.0,0.0,N/A
ParticularCurrency61,0,Success,4,85,-4,89,True,0,0,0.0,0.0,0,0.0,0.0,N/A
ScholarKnown4422,0,Success,159,293,259,34,True,0,41,129.6829268292683,0.011550593634777742,0,0.0,0.0,N/A
LockJaw987,0,Success,2612,15553,13200,2353,True,0,100,150.62,0.11673291800193453,48,83.64583333333333,0.4166666666666667,N/A
Difficult-Soup-9830,0,Success,2,477,476,1,True,0,43,65.74418604651163,2.421436280874095,0,0.0,0.0,N/A
Witty-Finger-1096,0,Success,117,26,25,1,True,0,72,106.13888888888889,0.026341139504280485,0,0.0,0.0,N/A
notwithagoat,0,Success,4550,156987,156191,796,False,0,100,78.94,0.2041384535037814,100,9.52,0.11,N/A
onetiredRN,0,Success,1791,44662,43291,1371,True,25,100,299.6,0.059463421901897906,21,144.28571428571428,0.3333333333333333,N/A
Dr3ny,0,Success,4480,23052,22792,260,True,0,0,0.0,0.0,0,0.0,0.0,N/A
ParticularRich4848,0,Success,51,939,938,1,True,0,100,93.72,0.32189272924797807,0,0.0,0.0,N/A
NoMarionberry7758,0,Success,1022,562,561,1,True,0,100,79.17,0.008718387580715014,3,1.0,0.0,N/A
SuperPomegranate7933,0,Success,1189,45217,45211,6,True,0,100,113.15,0.345286645463509,2,4.5,0.0,N/A
PTech_J,0,Success,5037,99070,95453,3617,True,24,100,84.09,0.05438451757382812,100,58.27,0.36,N/A
Commercial-Smile-988,0,Success,781,1,0,1,True,0,8,167.875,0.003545339288354385,1,1.0,1.0,N/A
CuileannDhu,0,Success,4705,110192,104587,5605,True,35,0,0.0,0.0,0,0.0,0.0,N/A
blacklightshock,0,Success,2250,31233,30753,480,True,36,100,73.22,0.10761550057798493,8,149.5,0.625,N/A
EnvironmentCalm9388,0,Success,1348,7171,6751,420,True,0,100,200.31,0.027416710698411763,12,77.5,0.25,N/A
vargo911,0,Success,3313,44743,40902,3841,True,0,100,117.3,0.0314326531831062,44,180.45454545454547,0.5681818181818182,N/A
rileyjw90,0,Success,3004,189866,111141,78725,True,7,100,190.01,0.3278554157616491,100,966.27,0.59,N/A
mastermeriadoc,0,Success,1147,9023,8804,219,True,0,0,0.0,0.0,0,0.0,0.0,N/A
Any-Roll609,0,Success,968,1869,1278,591,True,0,100,102.81,0.028134631715326295,4,320.25,0.5,N/A
No-Scar996,0,Success,43,80,79,1,False,0,7,593.2857142857143,0.0067576137793108155,0,0.0,0.0,N/A
HuckleberryUpbeat972,0,Success,853,8175,8172,3,True,171,100,66.83,1.4682131845543973,4,1.5,0.0,N/A
GNSasakiHaise,0,Success,3605,83441,72769,10672,True,0,100,198.88,0.43787949556282113,100,144.65,0.56,N/A
crockatu,0,Success,811,526,264,262,True,0,100,110.4,0.02034442662172206,61,9.426229508196721,0.13114754098360656,N/A
Tstrombotn,0,Success,2200,23619,9937,13682,True,0,100,199.18,0.14954072305431942,100,105.66,0.8,N/A
kh250b1,0,Success,807,121014,118442,2572,False,0,0,0.0,0.0,0,0.0,0.0,N/A
_Rowdy_Raider_,0,Success,2328,2520,2487,33,True,0,100,168.02,0.02624430826564489,4,11.5,1.0,N/A
Thrash_Panda44,0,Success,1622,48029,47925,104,True,0,100,197.54,0.0736346148142618,0,0.0,0.0,N/A
Channel_Huge,0,Success,1743,9648,8865,783,True,30,87,158.02298850574712,0.48430867719713316,15,94.66666666666667,0.8666666666666667,N/A
theBalefire,0,Success,200,1237,1236,1,True,0,68,141.4558823529412,0.014115434501097231,0,0.0,0.0,N/A
Griffie,0,Success,4880,134214,130764,3450,True,0,100,120.04,0.6660080586975102,100,57.51,0.38,N/A
robot_jeans,0,Success,966,44490,44033,457,True,0,100,102.33,0.07990954239800546,44,17.386363636363637,0.36363636363636365,N/A
Smile_Space,0,Success,2939,46481,41597,4884,True,0,100,335.38,0.2034643191405667,43,175.27906976744185,0.5813953488372093,N/A
ChuggerHawkins,0,Success,18,2086,1851,235,True,0,100,190.87,0.7027694974612453,5,54.0,0.0,N/A
neecho235,0,Success,5967,68409,53055,15354,True,41,100,75.49,0.04541433771009808,100,172.82,0.8,N/A
PreciousTC,0,Success,119,4000,3996,4,True,3,100,320.37,0.09506647259022336,1,13.0,1.0,N/A
rangerswede,0,Success,5656,1440,1145,295,True,0,100,185.05,0.11580440635766191,17,31.176470588235293,0.7058823529411765,N/A
Zimakov,0,Success,4617,78935,76739,2196,True,0,100,140.55,1.9125639513571233,84,39.095238095238095,0.2261904761904762,N/A
Relatively_happy,0,Success,553,26190,25661,529,True,0,100,142.33,0.7768750202311203,45,23.044444444444444,0.13333333333333333,N/A
boiler_room_420,0,Success,1889,2968,2557,411,True,0,100,120.11,0.12815478820107343,32,25.78125,0.03125,N/A
Sierra17181928,0,Success,2132,4094,3692,402,True,29,100,81.01,0.0906355135622199,16,30.9375,0.625,N/A
ExpensiveTour8545,0,Success,1752,84,63,21,True,0,72,152.26388888888889,0.002377150063219627,10,7.1,0.2,N/A
EnjoyerOfBeans,0,Success,1189,77539,77510,29,True,0,100,265.95,0.28404944038315116,6,9.666666666666666,0.16666666666666666,N/A
Fickle-Requirement99,0,Success,1739,136,85,51,True,0,100,52.06,0.006648341007150161,12,8.583333333333334,0.08333333333333333,N/A
Sad_Flatworm_9399,0,Success,380,847,844,3,True,0,100,119.7,1.7798872738059923,3,4.0,0.0,N/A
Funny-Chemical-5626,0,Success,634,33,29,4,True,0,0,0.0,0.0,0,0.0,0.0,N/A
delta_hotel3443,0,Success,138,15735,15189,546,True,116,100,55.03,1.3888996057068341,100,6.88,0.13,N/A
Disastrous-Cow-1442,0,Success,935,1767,1729,38,True,0,100,237.01,0.16949862776735936,4,3.5,0.25,N/A
BenchBackground9867,0,Success,26,6,0,6,True,0,10,37.5,9.925558312655086,5,0.8,0.4,N/A
giraflor,0,Success,1694,120201,117295,2906,True,0,100,161.65,0.09443232271511814,100,25.38,0.15,N/A
Editthisname,0,Success,75,14897,14896,1,False,0,100,117.5,3.3601209643547167,0,0.0,0.0,N/A
pops992,0,Success,4825,236475,222569,13906,True,0,0,0.0,0.0,0,0.0,0.0,N/A
lonely_talon,0,Success,2104,13781,1519,12262,True,28,100,142.11,0.017917435561062844,78,295.8974358974359,0.6025641025641025,N/A
UnlimitedManny,0,Success,2562,57047,56550,497,True,0,100,64.76,0.7301727669897006,17,53.94117647058823,0.7058823529411765,N/A
Ok-Variation5431,0,Success,725,1727,909,818,True,0,100,402.81,0.011003750842436466,8,222.625,0.125,N/A
MonsterIslandMed,0,Success,988,62948,36399,26549,True,24,100,107.79,0.9382892380830751,100,75.34,0.63,N/A
EmerysMemories1106,0,Success,944,27460,26341,1119,True,0,100,135.92,0.28140323285414015,75,32.12,0.12,N/A
Rezagera,0,Success,0,1,0,1,True,0,1,8.0,1.0,1,1.0,0.0,N/A
-biggulpshuh,0,Success,1587,6887,6352,535,True,0,100,164.8,0.021049155390945963,31,24.516129032258064,0.4838709677419355,N/A
Alone-in-a-crowd-1,0,Success,2883,94244,94197,47,True,0,100,68.91,0.3446146777134816,20,3.05,0.2,N/A
hughesn8,0,Success,1798,10366,10314,52,True,0,100,329.5,0.07371959808894228,11,11.727272727272727,0.0,N/A
Tallfellow_94,0,Success,721,1197,1196,1,True,46,100,64.08,0.017160880970985525,1,0.0,0.0,N/A
Ok_Fisherman8727,0,Success,1190,20126,19610,516,True,0,0,0.0,0.0,0,0.0,0.0,N/A
harrybootoo,0,Success,1820,13789,10544,3245,True,0,100,218.78,0.28802235053440145,100,18.17,0.69,N/A
ghusto179,0,Success,1736,656,635,21,False,0,100,344.6,0.06303776907934389,9,7.333333333333333,0.3333333333333333,N/A
flamingloltus,0,Success,353,896,723,173,True,0,100,81.63,0.18826325059512103,36,7.0,0.05555555555555555,N/A
Character_Forever547,0,Success,3,5,4,1,True,72,13,80.92307692307692,0.5405655146922934,2,1.0,0.0,N/A
WilderCburn6,0,Success,2281,11759,8375,3384,True,3,100,236.01,0.015808172394794526,89,61.168539325842694,0.2808988764044944,N/A
1beautifulhuman,0,Success,182,12786,12366,420,False,20,100,81.44,0.24459080637512348,10,65.8,0.3,N/A
Kitchen-Nectarine179,0,Success,30,731,730,1,True,0,100,204.74,0.30801928200705364,0,0.0,0.0,N/A
Front-Construction-4,0,Success,1889,36,32,4,True,0,34,85.97058823529412,0.0037297381745131698,0,0.0,0.0,N/A
Buttercuppers,0,Success,3377,3597,3509,88,True,0,100,66.32,0.009676896750387862,3,6.333333333333333,0.3333333333333333,N/A
FowlTemptress,0,Success,2986,61618,59711,1907,True,0,100,148.96,0.14931829974570263,23,119.56521739130434,0.0,N/A
Turbulent_Algae5591,0,Success,60,832,43,789,True,0,33,276.8787878787879,0.02610425044435455,1,327.0,0.0,N/A
Soxfan85,0,Success,2333,4628,3909,719,True,0,0,0.0,0.0,0,0.0,0.0,N/A
elbonglord69,0,Success,2318,1114,992,122,True,0,100,128.6,0.0025199484720936425,4,55.0,0.75,N/A
CommissionSpiritual8,0,Success,1899,10405,10404,1,True,0,100,47.47,0.07135881252592952,0,0.0,0.0,N/A
robin_888,0,Success,2843,59588,34514,25074,True,0,100,127.88,0.09923637608601808,100,156.24,0.73,N/A
halfblindgiraffe,0,Success,1179,83,65,18,False,0,0,0.0,0.0,0,0.0,0.0,N/A
Curleysound,0,Success,3507,285419,276821,8598,True,133,100,95.52,0.4263170235492787,100,98.4,0.46,N/A
Homerpaintbucket,0,Success,4911,988614,978900,9714,True,0,100,160.43,0.5670246797491861,100,76.58,0.49,N/A
titiesayan,0,Success,81,3,2,1,True,0,8,44.375,0.0558608289514263,0,0.0,0.0,N/A
Caltratic_Hobbit,0,Success,1743,17187,14437,2750,True,0,100,337.27,0.006767631201998226,16,309.25,0.625,N/A
gmthisfeller,0,Success,4493,49210,49029,181,True,18,4,10.5,0.0014982147834470987,0,0.0,0.0,N/A
Shinjetsu01,0,Success,4961,199352,148943,50409,True,37,34,258.88235294117646,0.04424311737583372,20,800.45,0.9,N/A
ScoobyD00BIEdoo,0,Success,5071,110496,61150,49346,True,37,100,65.19,0.23820000198500002,100,1205.82,0.74,N/A
Trips-Over-Tail,0,Success,3329,531846,527756,4090,True,66,100,121.17,1.6620191686210781,63,97.31746031746032,0.6984126984126984,N/A
AlexTheHappy,0,Success,1250,431,430,1,True,60,100,102.88,0.04253343807586287,0,0.0,0.0,N/A
xXTylonXx,0,Success,3370,28911,26925,1986,True,0,100,220.44,0.24568917862012768,74,41.432432432432435,0.44594594594594594,N/A
Harry_Saturn,0,Success,1889,74647,63411,11236,True,0,100,191.66,0.20998514355109374,52,331.53846153846155,0.8846153846153846,N/A
According-Tax5778,0,Success,9,31,30,1,True,0,20,41.05,0.12331110878951307,0,0.0,0.0,N/A
yeastkiller,0,Success,2006,4467,4292,175,True,0,100,82.48,0.0070323710588394974,11,27.0,0.45454545454545453,N/A
Red217,0,Success,4687,154397,151137,3260,True,2,0,0.0,0.0,0,0.0,0.0,N/A
swivel2369,0,Success,5007,81663,77356,4307,True,0,0,0.0,0.0,0,0.0,0.0,N/A
930310,0,Success,5034,124633,56601,68032,True,0,100,86.92,0.05028602973077698,100,2401.95,0.58,N/A
Kholdstare93,0,Success,3391,13525,12473,1052,True,0,100,165.64,0.09601144456419206,100,8.77,0.11,N/A
ntgco,0,Success,2073,151073,139399,11674,True,0,100,171.73,0.24504031593864736,100,81.0,0.06,N/A
drivingthelittles,0,Success,1109,71193,52572,18621,False,0,100,182.5,0.06234327593133927,60,689.4833333333333,0.6,N/A
Reasonable-River820,0,Success,974,120,119,1,True,0,53,76.37735849056604,0.00982414674350646,2,0.5,1.0,N/A
Tough-Astronomer-456,0,Success,1549,2145,1707,438,True,0,100,191.18,0.08236186371170602,5,179.6,0.8,N/A
geesekicker,0,Success,1141,10961,10947,14,True,0,100,81.92,0.10127086496289689,8,7.75,0.625,N/A
disdkatster,0,Success,1561,111029,99114,11915,True,115,100,267.25,0.2118697683616052,100,54.46,0.37,N/A
black-box-qwerty,0,Success,1411,136,82,54,True,59,0,0.0,0.0,0,0.0,0.0,N/A
eg_ducks,0,Success,55,96,95,1,True,0,64,241.578125,0.05022799892655093,0,0.0,0.0,N/A
icemagnus,0,Success,5214,22636,22072,564,True,0,0,0.0,0.0,0,0.0,0.0,N/A
Tonybaloney24,0,Success,2042,552,221,331,True,0,100,55.09,0.08422693825486931,9,40.333333333333336,0.0,N/A
showmeallyourbunnies,0,Success,2248,20076,19221,855,True,0,100,98.43,0.03726822271158619,23,44.17391304347826,0.391304347826087,N/A
Pearlsnivy,0,Success,1717,38687,9836,28851,True,0,100,91.88,0.013947039758245112,100,336.8,0.84,N/A
mrmow49120,0,Success,1282,15331,15252,79,True,0,100,47.33,0.03427746810624416,8,24.125,0.5,N/A
ThisAppsForTrolling,0,Success,686,88557,82485,6072,False,0,0,0.0,0.0,0,0.0,0.0,N/A
DrunkTeaSoup,0,Success,3501,4729,4726,3,True,0,100,33.3,0.060643937543482546,1,4.0,0.0,N/A
SakanaSanchez,0,Success,3837,55411,54270,1141,True,0,100,365.38,0.13994506378773755,25,62.0,0.4,N/A
wadejohn,0,Success,2517,85253,85091,162,True,0,0,0.0,0.0,0,0.0,0.0,N/A
Stellatank,0,Success,20,248,247,1,True,35,0,0.0,0.0,0,0.0,0.0,N/A
hughk,0,Success,6145,284033,243625,40408,True,0,100,195.01,0.6751320727117242,100,31.1,0.92,N/A
Fat_Bearded_Tax_Man,0,Success,3121,140124,132086,8038,True,0,0,0.0,0.0,0,0.0,0.0,N/A
Gingerpyscho94,0,Success,1146,26273,25225,1048,True,111,100,191.29,1.011775947837329,67,16.64179104477612,0.3582089552238806,N/A
PeachyMuffinzx,0,Success,57,2510,320,2190,True,0,24,103.58333333333333,0.01858860828122499,1,5323.0,1.0,N/A
Lopsided-Sky396,0,Success,1794,25589,25588,1,True,0,0,0.0,0.0,0,0.0,0.0,N/A
AncientExorcism,0,Success,9,106,73,33,True,0,18,274.22222222222223,0.10805979308550731,0,0.0,0.0,N/A
SlightlyBurntToast3,0,Success,17,7296,415,6881,True,155,100,33.57,2.2788415888589966,25,475.08,1.0,N/A
Outrageous-East8416,0,Success,1614,11,10,1,True,0,26,56.07692307692308,0.003430844457278344,1,1.0,0.0,N/A
General_Starcat-99,0,Success,9,87,19,68,False,0,28,117.57142857142857,0.11924210287233879,4,29.75,0.25,N/A
Starlazerpow,0,Success,582,328,251,77,True,0,100,180.98,0.03003332948739864,15,8.8,0.6,N/A
LoveDistinct,0,Success,1855,105866,103686,2180,True,0,100,60.45,15.180265654648956,100,7.62,0.0,N/A
tishtashy,0,Success,2058,918,791,127,True,0,0,0.0,0.0,0,0.0,0.0,N/A
Plane_Money6897,0,Success,5,2,1,1,True,0,2,45.5,0.031685678073510776,0,0.0,0.0,N/A
VanessaAlexis,0,Success,3291,139293,139207,86,True,167,100,135.04,0.46010976173982837,11,18.454545454545453,0.2727272727272727,N/A
Midnight712,0,Success,1980,28414,22401,6013,True,28,100,111.33,0.09929642963137855,29,111.03448275862068,0.6551724137931034,N/A
Successful_Pizza6529,0,Success,90,9530,9265,265,False,0,100,16.5,2.605618001925262,20,21.4,0.0,N/A
mgranja,0,Success,4336,27641,25638,2003,True,0,100,126.1,0.2978761430996992,26,125.73076923076923,0.6153846153846154,N/A
Romanopapa,0,Success,4343,357075,356388,687,True,0,100,72.05,0.23952430473080463,100,24.19,0.38,N/A
Educational-Ad-385,0,Success,1597,23565,23564,1,True,0,0,0.0,0.0,0,0.0,0.0,N/A
Charlie_redmoon,0,Success,2157,14041,9183,4858,True,0,100,160.99,0.14943997369856463,100,16.97,0.01,N/A
Spute2008,0,Success,3608,53985,52589,1396,True,0,100,277.71,0.5458788421909757,45,54.955555555555556,0.6222222222222222,N/A
biegemamba,0,Success,0,1,0,1,True,0,1,12.0,1.0,2,1.5,0.0,N/A
FroggiJoy87,0,Success,4936,375818,342300,33518,True,28,100,114.4,0.5394616173059287,100,299.55,0.88,N/A
Aggressive_Excuse159,0,Success,35,3214,3039,175,True,77,100,43.85,1.5129483160044714,15,12.333333333333334,0.0,N/A
Round_Bads,0,Success,8,622,3,619,True,37,25,42.6,10.765550239234448,0,0.0,0.0,N/A
Beccabear3010,0,Success,1904,16237,14362,1875,True,97,100,503.01,0.046680764257472425,34,233.94117647058823,0.08823529411764706,N/A
explodingfrog,0,Success,5280,3229,3209,20,True,0,100,187.28,0.01856865867282472,0,0.0,0.0,N/A
DrPeaNis,0,Success,4,24,23,1,True,0,38,86.78947368421052,0.38751784621660207,2,1.5,0.0,N/A
TwiztidSSG,0,Success,3393,36762,18520,18242,True,50,100,124.51,0.01138249904726902,100,239.55,0.81,N/A
Mr-WideGrin,0,Success,3678,19763,18229,1534,True,0,100,241.67,0.058536109462524695,54,53.888888888888886,0.2777777777777778,N/A
SassyCatLady442,0,Success,667,33318,33258,60,False,0,100,146.9,0.2808002808002808,5,18.8,1.0,N/A
Top_Promise365,0,Success,261,3673,3669,4,True,0,100,125.67,0.08195584901820309,2,5.0,0.0,N/A
Nightmancometh000,0,Success,1886,41145,14044,27101,True,0,100,53.47,0.0314042597959264,100,308.48,0.71,N/A
Good_Beautiful_6727,0,Success,604,1238,1069,169,True,0,100,101.14,1.5528218223226764,30,7.266666666666667,0.23333333333333334,N/A
casual-karmaa,0,Success,0,4,0,4,True,0,4,47.0,2.5267590805404456,3,2.0,0.0,N/A
BigNastyRob1,0,Success,20,1,0,1,True,0,0,0.0,0.0,0,0.0,0.0,N/A
oOo_a_Butterfly,0,Success,1808,21164,21109,55,True,0,100,217.49,0.0076885619826238495,12,8.0,0.08333333333333333,N/A
Curious-Commission51,0,Success,1854,2417,1772,645,True,0,100,127.97,0.004686949466521647,4,15.5,0.0,N/A
Sonchay,0,Success,1339,58219,57510,709,True,0,100,303.31,0.21076024733885915,8,105.5,0.125,N/A
flatstacy,0,Success,864,115381,115380,1,False,0,0,0.0,0.0,0,0.0,0.0,N/A
OgBigSlime,0,Success,2098,65995,45182,20813,True,51,100,86.32,0.01875226199160274,10,4014.3,1.0,N/A
I-STATE-FACTS,0,Success,4236,85146,82400,2746,True,0,100,49.96,0.44895169778567046,51,87.92156862745098,0.6666666666666666,N/A
TapeDeckSlick,0,Success,1874,106601,106151,450,True,0,0,0.0,0.0,0,0.0,0.0,N/A
whoknowsanymore44,0,Success,80,2822,1987,835,True,0,0,0.0,0.0,0,0.0,0.0,N/A
BigJellyfish1906,0,Success,300,28684,28493,191,True,0,100,372.15,0.8645636955294852,14,25.142857142857142,0.0,N/A
Soinclined2think,0,Success,1024,8092,7377,715,True,0,100,84.85,0.13843406462409766,53,27.0,0.49056603773584906,N/A
fizicks,0,Success,4958,30749,25838,4911,True,0,100,210.77,0.01601703001818333,2,2.5,0.5,N/A
Deep-Red-Bells,0,Success,413,15561,13750,1811,True,0,0,0.0,0.0,0,0.0,0.0,N/A
zeroshock30,0,Success,178,33312,33239,73,True,0,100,95.08,0.32720282485105456,3,51.333333333333336,0.6666666666666666,N/A
Logintheroad,0,Success,2868,11879,10283,1596,True,0,0,0.0,0.0,0,0.0,0.0,N/A
Few_Inevitable_9564,0,Success,320,54,49,5,True,56,100,46.81,0.24843108866643573,3,4.0,0.0,N/A
tidytibs,0,Success,4089,46812,46732,80,True,0,0,0.0,0.0,0,0.0,0.0,N/A
splubby_apricorn,0,Success,588,25633,25616,17,False,0,0,0.0,0.0,0,0.0,0.0,N/A
Ok-Improvement9802,0,Success,0,1,0,1,False,0,2,21.0,48.97959183673469,0,0.0,0.0,N/A
plants4life262,0,Success,2145,110725,89504,21221,True,0,100,111.11,0.41938539070991465,100,261.7,0.51,N/A
Xander-Park,0,Success,2,1648,1647,1,True,0,100,49.0,5.986032590621882,0,0.0,0.0,N/A
Lapidariest,0,Success,3608,12544,11464,1080,True,195,0,0.0,0.0,0,0.0,0.0,N/A
Moron-Whisperer,0,Success,323,160610,159683,927,True,132,100,132.77,0.3957022340688632,74,25.43243243243243,0.3108108108108108,N/A
jamisonsmom,0,Success,1319,1022,643,379,True,0,100,55.99,0.0430431816372048,13,61.92307692307692,0.3076923076923077,N/A
FrankLangellasBalls,0,Success,3446,21384,21309,75,True,0,100,66.79,0.526564444906001,8,8.375,0.375,N/A
Strange-Movie,0,Success,2112,278919,265172,13747,True,20,0,0.0,0.0,0,0.0,0.0,N/A
oboingadoing,0,Success,2729,2173,2157,16,True,0,0,0.0,0.0,0,0.0,0.0,N/A
ragby,0,Success,4645,39479,38659,820,True,0,100,104.14,0.07459685064529384,61,24.311475409836067,0.32786885245901637,N/A
LyndonBJumbo,0,Success,1919,41790,39097,2693,True,0,0,0.0,0.0,0,0.0,0.0,N/A
FigTechnical8043,0,Success,1017,128273,121745,6528,True,0,0,0.0,0.0,0,0.0,0.0,N/A
No-Understanding-912,0,Success,1851,60980,60960,20,True,0,0,0.0,0.0,0,0.0,0.0,N/A
wytewydow,0,Success,5514,240110,201634,38476,True,15,100,77.84,0.5509835822197598,100,89.04,0.95,N/A
RsCoverUpForPDFs,0,Success,1,3,2,1,True,0,21,307.5238095238095,0.49824690902380514,1,2.0,0.0,N/A
awgeez47,0,Success,2038,3799,3638,161,True,0,100,216.39,0.019845535581391502,33,9.787878787878787,0.12121212121212122,N/A
IAmATroyMcClure,0,Success,4740,155152,132160,22992,True,0,100,292.18,0.016799192070856006,100,218.71,0.56,N/A
Original_Cake_3728,0,Success,965,-14,-15,1,False,0,31,65.87096774193549,0.056156085739675274,5,0.8,0.0,N/A
yellow_PowerMercury,0,Success,6,2286,2163,123,False,0,0,0.0,0.0,0,0.0,0.0,N/A
Cloaked_Crow,0,Success,2346,12186,11157,1029,True,0,100,175.8,0.12634797495783137,32,54.09375,0.6875,N/A
CrazyCatLadyNL,0,Success,1864,33351,14879,18472,True,28,100,94.6,0.061239935174126396,71,465.5492957746479,0.971830985915493,N/A
goodsnpr,0,Success,3258,54022,50289,3733,True,0,100,195.47,0.24871669096260268,100,74.56,0.1,N/A
CollectorDC,0,Success,2488,10606,10566,40,True,0,100,67.84,0.01462055754359038,6,24.166666666666668,0.16666666666666666,N/A
Letter10,0,Success,4614,229942,192655,37287,True,7,100,124.69,0.36150603413821986,100,199.41,0.95,N/A
TemporaryOptimal3800,0,Success,13,2,1,1,True,0,28,27.535714285714285,0.12161252415963092,0,0.0,0.0,N/A
Mono_Clear,0,Success,1388,92925,90753,2172,True,0,100,442.65,0.5995563283170454,38,112.36842105263158,0.10526315789473684,N/A
rc252588,0,Success,2091,263,116,147,True,0,89,132.62921348314606,0.045992230700703976,18,12.666666666666666,0.1111111111111111,N/A
Perciprius,0,Success,2267,22894,22206,688,True,0,100,49.47,0.16832072953944643,62,20.838709677419356,0.22580645161290322,N/A
Tikala,0,Success,2654,14787,14037,750,True,0,100,168.31,0.04974646575543117,69,19.434782608695652,0.18840579710144928,N/A
naughtydawg907,0,Success,3281,17915,16200,1715,False,0,100,320.81,0.014700777916164729,61,23.639344262295083,0.18032786885245902,N/A
Weird_Option_2257,0,Success,1055,503,333,170,True,0,0,0.0,0.0,0,0.0,0.0,N/A
framsanon,0,Success,3260,47632,47558,74,True,62,100,95.33,0.21210519710759215,18,7.611111111111111,0.3888888888888889,N/A
n0t-Celestia,0,Success,0,2,1,1,True,33,4,71.5,8.581644815256258,2,1.5,0.5,N/A
KarmageddeonBaby,0,Success,361,4473,4384,89,False,0,100,310.45,0.16391404893653932,13,11.153846153846153,0.3076923076923077,N/A
Beginning_Ad8663,0,Success,993,13976,13966,10,True,0,100,144.09,0.5512831114418809,4,3.75,0.5,N/A
RainLoveMu,0,Success,537,36659,28115,8544,True,10,0,0.0,0.0,0,0.0,0.0,N/A
hoopharder,0,Success,5864,33995,25583,8412,True,0,100,350.34,0.024263107520410835,100,91.39,0.67,N/A
Trid1977,0,Success,5258,31147,26397,4750,True,0,100,86.26,0.2860811962008417,100,56.02,0.48,N/A
ProudEconomist6,0,Success,2045,14,7,7,True,0,45,58.51111111111111,0.0013140148066108442,25,1.12,0.04,N/A
Langstarr,0,Success,4057,293369,288886,4483,True,0,100,118.47,0.29549978453140713,22,296.04545454545456,0.8636363636363636,N/A
anothersm,0,Success,41,566,553,13,True,65,87,50.64367816091954,1.36144316452945,7,7.714285714285714,0.0,N/A
Jazzlike-Jello487,0,Success,39,371,305,66,True,0,100,205.79,0.3445315662692112,9,12.11111111111111,0.3333333333333333,N/A
Firm_Appeal9958,0,Success,14,50,49,1,True,0,0,0.0,0.0,0,0.0,0.0,N/A
sbfb1,0,Success,1078,7340,7076,264,True,0,100,109.5,0.13973723189859424,12,43.833333333333336,0.08333333333333333,N/A
Big-Journalist5595,0,Success,160,14282,14265,17,False,0,100,50.68,0.7542441949386025,6,3.0,0.0,N/A
setemupknockem,0,Success,4841,5105,2912,2193,True,0,100,175.13,0.014399426902809266,54,86.81481481481481,0.5740740740740741,N/A
Unlucky-Benefit-9376,0,Success,5,-20,-21,1,True,0,4,69.25,0.08697963226944357,0,0.0,0.0,N/A
clawstuckblues,0,Success,817,42889,31505,11384,True,14,100,148.58,0.2609771710219649,67,301.67164179104475,0.26865671641791045,N/A
Full-length-frock,0,Success,909,12890,12842,48,True,0,100,77.86,0.22496976968719828,12,8.083333333333334,0.16666666666666666,N/A
Guilty-Hunt-829,0,Success,676,1168,1167,1,True,0,0,0.0,0.0,0,0.0,0.0,N/A
bipolarcyclops,0,Success,2933,226920,211308,15612,True,38,100,98.66,0.5920059463708391,100,32.09,0.36,N/A
niceguy-365,0,Success,3870,41515,40573,942,True,0,100,77.6,0.10016471530962026,100,8.48,0.01,N/A
GaryBuseyWithRabies,0,Success,3342,188379,181931,6448,False,0,100,93.04,0.08689227602490043,84,114.0,0.011904761904761904,N/A
n0radrenaline,0,Success,4222,96469,90331,6138,True,0,100,264.76,0.046386372714504756,69,115.92753623188406,0.391304347826087,N/A
Mikanotee_91,0,Success,0,1,0,1,False,0,2,173.5,0.08773533174922317,0,0.0,0.0,N/A
Spooky-121,0,Success,915,2,1,1,True,0,15,91.93333333333334,0.0006881424893325171,9,0.8888888888888888,0.0,N/A
GuestWeary,0,Success,1941,6640,6230,410,True,92,100,80.91,0.22288178721475774,27,24.444444444444443,0.037037037037037035,N/A
ouzo84,0,Success,1517,60292,56495,3797,True,0,100,179.4,0.24465496853465266,55,139.52727272727273,0.43636363636363634,N/A
Far-Vehicle-4410,0,Success,13,1408,1407,1,True,0,100,121.9,3.8369304556354917,0,0.0,0.0,N/A
MysteriousValue3561,0,Success,1392,4972,4935,37,True,0,16,48.3125,0.015584335470136922,3,9.0,0.3333333333333333,N/A
moreathismoreathat,0,Success,2966,3729,2999,730,True,0,100,108.23,0.03363882683096368,36,33.361111111111114,0.6666666666666666,N/A
nicksmom25,0,Success,4030,18799,9623,9176,True,40,100,142.82,0.0029787348368227125,100,117.12,0.35,N/A
briko3,0,Success,3311,33965,32501,1464,True,0,0,0.0,0.0,0,0.0,0.0,N/A
its_Is,0,Success,1918,96534,89120,7414,True,0,100,56.96,0.17294347390595236,100,85.47,0.66,N/A
defgufman,0,Success,3347,31493,22694,8799,True,50,100,62.19,0.0927164052407433,100,120.48,0.67,N/A
CrazyMildred,0,Success,688,4646,3760,886,True,120,100,131.99,1.0635312190726598,61,25.147540983606557,0.9508196721311475,N/A
Jazzlike-Bid246,0,Success,21,5102,5101,1,False,0,100,38.9,1.2965917644813092,0,0.0,0.0,N/A
Rex-Bannon,0,Success,2545,13039,11836,1203,True,31,100,60.22,0.03668017889738363,62,28.580645161290324,0.3709677419354839,N/A
Round-Telephone-2508,0,Success,749,1358,681,677,True,0,100,148.03,0.027782202350744748,19,6.947368421052632,0.15789473684210525,N/A
Virtual-Damage1221,0,Success,303,703,686,17,True,0,100,50.68,0.030693991139667892,3,7.0,0.3333333333333333,N/A
WhichWitchIWonder,0,Success,487,626,539,87,True,23,100,155.17,0.023687467553104344,2,85.0,1.0,N/A
DieHardAmerican95,0,Success,1858,300050,295930,4120,True,18,100,111.74,0.6517229019048413,16,450.9375,0.875,N/A
Stubber1960b,0,Success,3742,10735,3791,6944,True,0,100,46.87,0.017474174989591945,35,774.6857142857143,0.8,N/A
DarthDiggler501,0,Success,3375,27942,6448,21494,True,27,100,137.58,0.03759782876716407,100,71.03,0.92,N/A
Available_Honey_2951,0,Success,1825,14690,14689,1,True,0,100,69.48,0.3982322911078048,0,0.0,0.0,N/A
BigCaptainHaddock,0,Success,127,15171,15170,1,False,0,0,0.0,0.0,0,0.0,0.0,N/A
Tackit286,0,Success,4233,200867,181611,19256,True,0,100,84.1,0.5179297198144085,26,943.5,0.5,N/A
LastChristian,0,Success,3707,72070,68359,3711,False,0,100,209.57,0.2026179363025491,100,48.51,0.55,N/A
manbartlett,0,Success,4882,2809,687,2122,True,14,70,103.67142857142858,0.0006154321682276799,28,106.0,0.75,N/A
Good_Time_4287,0,Success,145,6696,6662,34,True,0,0,0.0,0.0,0,0.0,0.0,N/A
ladymiku,0,Success,3437,95907,89987,5920,True,38,100,94.12,0.609207150738156,97,100.48453608247422,0.7525773195876289,N/A
RareLeadership369,0,Success,372,37470,36333,1137,False,56,100,41.39,8.832188420019627,43,4.6976744186046515,0.023255813953488372,N/A
Nissir,0,Success,4034,124132,123590,542,True,0,100,90.12,0.15160671533522982,99,12.818181818181818,0.050505050505050504,N/A
Outrageous-Double383,0,Success,884,796,790,6,True,0,100,201.55,0.012985263349256511,4,1.75,0.25,N/A
TheRealGianniBrown,0,Success,3043,63862,5907,57955,True,59,0,0.0,0.0,0,0.0,0.0,N/A
RBeck,0,Success,5362,184992,178266,6726,True,0,100,137.13,0.4833720030935808,89,115.8314606741573,0.5393258426966292,N/A
Firm-Chemical949,0,Success,584,3112,3005,107,True,42,100,152.87,0.30601706045112015,11,18.272727272727273,1.0,N/A
Disastrous-Pea6674,0,Success,99,4,1,3,False,0,59,149.33898305084745,3.3104738154613464,7,1.5714285714285714,0.0,N/A
Kata_Komb,0,Success,14,652,651,1,True,0,0,0.0,0.0,0,0.0,0.0,N/A
Common_Wrongdoer3251,0,Success,857,71645,71320,325,True,0,100,367.7,0.2659474266262131,33,20.87878787878788,0.06060606060606061,N/A
FictionalNape,0,Success,4936,41054,20033,21021,True,53,100,133.32,0.1490118650697562,100,157.68,0.84,N/A
brutal_and_beautiful,0,Success,164,54437,52006,2431,True,0,100,124.85,0.2637847692139727,28,104.07142857142857,0.9285714285714286,N/A
mary79dn,0,Success,0,1,0,1,False,0,3,10.333333333333334,0.5930155941137711,0,0.0,0.0,N/A
Old_Blueberry_8426,0,Success,229,1014,777,237,True,0,35,239.68571428571428,0.044537840374259244,4,87.75,0.0,N/A
strange1738,0,Success,3455,375192,344592,30600,True,0,0,0.0,0.0,0,0.0,0.0,N/A
Khaella,0,Success,4623,10414,6331,4083,True,0,100,133.46,0.032655611472242864,47,199.87234042553192,0.6808510638297872,N/A
Chrono_Convoy,0,Success,423,97407,82303,15104,True,0,0,0.0,0.0,0,0.0,0.0,N/A
drinkslinger1974,0,Success,2646,77526,76381,1145,True,0,100,255.25,0.27778656577870137,28,70.46428571428571,0.32142857142857145,N/A
Helpmewithlifeimeffd,0,Success,362,160,119,41,True,0,49,139.85714285714286,0.006174002932651393,4,17.0,0.0,N/A
OddAerie152,0,Success,223,126,39,87,True,0,44,221.29545454545453,0.009807076114983757,22,4.454545454545454,0.22727272727272727,N/A
HiEchoChamb3r,0,Success,4,1008,1007,1,False,0,0,0.0,0.0,0,0.0,0.0,N/A
thatBLACKDREADtho,0,Success,4187,24952,24522,430,False,6,100,52.24,0.1013777803560275,100,5.83,0.15,N/A
Novaportia,0,Success,882,6381,6064,317,True,0,100,147.21,0.033102903409681805,55,11.963636363636363,0.2909090909090909,N/A
OrganizationKey8342,0,Success,170,5703,3528,2175,True,0,100,135.49,0.04087996857693082,13,427.38461538461536,0.15384615384615385,N/A
TheGroundBeef,0,Success,5077,56664,50324,6340,True,13,100,111.97,0.7756130035829012,21,140.14285714285714,0.9047619047619048,N/A
No_Athlete_8987,0,Success,2,5,4,1,True,0,16,200.9375,0.2539772126000917,1,0.0,0.0,N/A
Quankers,0,Success,3709,77776,76729,1047,True,12,100,106.93,1.0788585676354416,69,19.08695652173913,0.6086956521739131,N/A
PMmeplumprumps,0,Success,2471,92964,92550,414,False,0,100,138.64,0.2783869640664293,1,17.0,1.0,N/A
SuccotashKey7521,0,Success,681,765,674,91,True,0,0,0.0,0.0,0,0.0,0.0,N/A
A_Queer_Owl,0,Success,1460,138417,136361,2056,True,0,100,94.74,0.915117745149876,45,86.62222222222222,0.6444444444444445,N/A
TheLastMan,0,Success,5683,36325,36281,44,True,35,0,0.0,0.0,0,0.0,0.0,N/A
Smooth_Dog_5839,0,Success,745,63893,58461,5432,True,0,100,250.75,0.06427631387481009,99,73.32323232323232,0.797979797979798,N/A
Blot_Upright,0,Success,4547,15086,14830,256,False,0,100,71.34,0.03401298199938512,16,32.6875,0.5,N/A
orangeleast,0,Success,3059,49845,49572,273,False,0,0,0.0,0.0,0,0.0,0.0,N/A
blizzard-toque,0,Success,1437,24875,24866,9,True,0,100,116.62,0.48101269205433844,12,2.6666666666666665,0.0,N/A
NoManLucas,0,Success,2019,4679,2395,2284,True,0,100,52.71,0.028641174377255343,28,34.214285714285715,0.39285714285714285,N/A
jonathan1511,0,Success,3355,748,746,2,True,0,100,33.66,0.034304035907940164,2,2.5,0.0,N/A
Golfntukee,0,Success,678,3313,3305,8,False,23,100,92.05,0.13031235509537598,6,2.1666666666666665,0.16666666666666666,N/A
Unfunctional-Mover,0,Success,2805,902,22,880,True,0,13,189.3846153846154,0.00019345001960190193,2,0.5,1.0,N/A
Responsible_Park77,0,Success,1573,1422,1421,1,True,0,100,145.27,0.05834365286693417,2,0.5,0.0,N/A
aksdb,0,Success,2898,171477,168918,2559,True,0,100,185.97,0.5130712014559821,49,114.38775510204081,0.20408163265306123,N/A
extragreenspinach,0,Success,341,59,58,1,True,0,28,321.32142857142856,0.003420620696058305,0,0.0,0.0,N/A
Mindless_Banana_,0,Success,0,2,0,2,True,0,5,172.4,9.321595028482651,2,0.0,0.0,N/A
kill-meal,0,Success,1052,5135,5127,8,True,0,100,159.68,0.1614156511305597,0,0.0,0.0,N/A
urlookingatanudeegg,0,Success,674,1558,1557,1,True,0,100,86.34,0.019616011133176098,0,0.0,0.0,N/A
RecreationalTension,0,Success,2987,10995,8834,2161,True,29,100,68.37,0.022380440887225333,49,46.95918367346939,0.9183673469387755,N/A
earthen_ghost,0,Success,2288,212,2,210,True,0,28,474.39285714285717,0.0005097109415597443,4,108.5,0.25,N/A
b_richy,0,Success,3670,4,2,2,True,191,13,299.0,0.00014778413043230307,2,1.5,0.0,N/A
ashleyLSD,0,Success,1523,26285,20888,5397,True,0,100,138.78,1.578365865207555,100,55.96,0.89,N/A
drop_fred_gorgeous,0,Success,3509,13555,6320,7235,True,0,100,61.4,0.006142467678718979,36,144.02777777777777,0.6388888888888888,N/A
wutang21412141,0,Success,1936,20284,17132,3152,True,0,100,72.43,0.09828444501231012,100,10.62,0.12,N/A
Large_Grade1228,0,Success,189,15,14,1,True,0,76,34.76315789473684,0.044169704006479515,0,0.0,0.0,N/A
Bright-Business-489,0,Success,1836,3937,3936,1,True,0,100,181.79,0.10373868455890023,0,0.0,0.0,N/A
warpedcity,0,Success,2204,2120,1887,233,True,174,100,51.56,0.09948318485467993,5,29.4,0.6,N/A
PLZ_N_THKS,0,Success,2397,201838,201588,250,True,41,0,0.0,0.0,0,0.0,0.0,N/A
Crazerz,0,Success,4312,15439,5833,9606,True,0,100,144.65,0.14057953130784262,100,9.12,0.62,N/A
PageEnvironmental408,0,Success,615,690,642,48,True,0,100,147.85,0.23736321120776338,3,45.333333333333336,0.6666666666666666,N/A
SummerofLov82,0,Success,854,1044,525,519,True,64,100,70.69,0.3927404116792271,19,31.894736842105264,0.7894736842105263,N/A
DogAlienInvisibleMan,0,Success,275,62477,62476,1,True,0,100,116.26,0.15631166983849099,0,0.0,0.0,N/A
bestest_at_grammar,0,Success,2358,215426,195432,19994,True,0,100,95.13,0.13926854612148704,100,242.1,0.4,N/A
LooseIndependent8074,0,Success,344,95,1,94,True,0,28,48.0,0.0035236111309197714,9,13.222222222222221,0.6666666666666666,N/A
Maltipoo-Mommy,0,Success,320,5224,5141,83,False,0,100,122.03,0.07349770687154561,2,52.0,0.0,N/A
Weird-Day-1270,0,Success,1429,8967,8088,879,True,44,100,206.22,0.17732085913926485,75,23.266666666666666,0.10666666666666667,N/A
DeadHeadIko,0,Success,934,1349,1348,1,True,0,100,119.08,0.4710235472521664,1,0.0,0.0,N/A
thesexiestpickle,0,Success,1407,7488,5948,1540,True,0,100,76.2,0.0287466094971132,55,47.81818181818182,0.7090909090909091,N/A
honeybunfr,0,Success,0,1,0,1,False,0,2,124.0,7.5,0,0.0,0.0,N/A
Kayaba88,0,Success,848,6,5,1,True,0,10,205.8,0.0278074734129657,0,0.0,0.0,N/A
AromaticHydrocarbons,0,Success,3630,60902,60237,665,True,0,100,301.78,0.08937963827563836,59,27.10169491525424,0.11864406779661017,N/A
GrievousSayGenKenobi,0,Success,1980,24130,18945,5185,True,0,100,375.23,0.589550222309563,20,379.5,0.7,N/A
ratbastid,0,Success,6447,301489,297844,3645,True,0,100,162.32,0.2983565526557877,100,8.09,0.78,N/A
bdfariello,0,Success,6147,81173,76853,4320,True,0,0,0.0,0.0,0,0.0,0.0,N/A
Khloe_trans,0,Success,108,11751,1045,10706,True,164,100,83.07,1.0342539150820078,100,8.82,1.0,N/A
Normal_Choice9322,0,Success,360,5731,5323,408,False,0,0,0.0,0.0,0,0.0,0.0,N/A
yesImAJetsfanpal,0,Success,40,952,951,1,True,0,0,0.0,0.0,0,0.0,0.0,N/A
LateNipples,0,Success,323,581,366,215,True,0,100,75.76,0.2696186917651711,2,222.0,0.5,N/A
MotherDepartment1111,0,Success,110,6131,6130,1,True,14,0,0.0,0.0,0,0.0,0.0,N/A
CozyyBloom,0,Success,17,8,7,1,True,0,5,75.4,16.997167138810198,0,0.0,0.0,N/A
gr33n3y3dvixx3n,0,Success,1263,5711,5637,74,True,0,0,0.0,0.0,0,0.0,0.0,N/A
Elicojack,0,Success,3036,7333,6958,375,True,0,0,0.0,0.0,0,0.0,0.0,N/A
Actual-Region963,0,Success,1781,6749,6481,268,True,0,0,0.0,0.0,0,0.0,0.0,N/A
GloomyCounter8457,0,Success,1061,577,408,169,True,0,0,0.0,0.0,0,0.0,0.0,N/A
Kantwealjustgetabong,0,Success,1115,106387,54861,51526,True,10,100,71.6,0.18447045705630244,100,612.61,0.95,N/A
jcubed03,0,Success,1876,1619,65,1554,True,0,47,162.29787234042553,0.0012300596033668447,3,551.0,0.0,N/A
outrageous_peach911,0,Success,7,81,32,49,True,167,1,20.0,1.0,17,3.764705882352941,1.0,N/A
random-guy-here,0,Success,3712,27403,24638,2765,True,0,100,129.58,0.4777120776229047,100,40.21,0.2,N/A
AutoModerator,0,Success,5064,2000,1000,1000,True,0,100,643.47,9729.72972972973,100,1.31,0.24,N/A
Nofanta,0,Success,3600,19462,18426,1036,False,0,100,98.97,1.4878676789677505,1,4.0,0.0,N/A
AgileRoll4745,0,Success,2,4,3,1,True,0,29,22.620689655172413,0.9429446245833972,2,2.0,0.0,N/A
delete-head,0,Success,1705,10583,10472,111,True,0,100,185.39,0.03988383169288918,3,73.33333333333333,1.0,N/A
Lasherola,0,Success,1429,4000,3987,13,True,0,100,105.86,0.022707151667878137,4,6.5,0.0,N/A
Competitive_Feed5259,0,Success,309,1853,1668,185,True,148,100,80.6,1.3970870734518528,19,17.105263157894736,0.42105263157894735,N/A
diegojones4,0,Success,4776,2134182,2126580,7602,True,0,100,135.68,0.2523875157917467,100,10.03,0.27,N/A
l1lwookiee,0,Success,37,218,214,4,True,42,0,0.0,0.0,0,0.0,0.0,N/A
GinHalpert,0,Success,1566,86447,73578,12869,False,0,100,69.5,0.09387098111602687,80,520.3875,0.7875,N/A
bmcgowan89,0,Success,4834,931256,931106,150,True,0,0,0.0,0.0,0,0.0,0.0,N/A
BattleFeelinMyself,0,Success,97,807,806,1,True,0,100,199.66,0.30940673836308363,1,2.0,1.0,N/A
Top_Willow_9953,0,Success,52,6198,6027,171,True,0,9,154.44444444444446,0.029375924797632517,1,3.0,0.0,N/A
Significant_Salad_57,0,Success,1797,14868,14867,1,True,0,0,0.0,0.0,0,0.0,0.0,N/A
FortifyStamina,0,Success,618,6735,5108,1627,True,32,100,150.71,0.05234769982025835,27,28.074074074074073,0.7777777777777778,N/A
meshreplacer,0,Success,2616,250884,195322,55562,True,0,100,137.38,1.1158500297560008,100,146.96,0.18,N/A
ruinzifra,0,Success,4014,23941,23461,480,True,0,100,127.65,0.550697856561565,39,16.23076923076923,0.07692307692307693,N/A
ZealousidealTough872,0,Success,237,20467,8979,11488,True,35,40,74.225,0.08696691995782105,20,436.25,0.7,N/A
ThorgiTheCorgi,0,Success,4748,42910,38626,4284,True,0,100,138.48,0.028970688342750284,58,124.25862068965517,0.5344827586206896,N/A
suchoi,0,Success,3890,523,289,234,True,0,100,217.08,0.0013615392579516493,51,5.450980392156863,0.0196078431372549,N/A
Dear-Relationship666,0,Success,619,18332,18331,1,False,138,0,0.0,0.0,0,0.0,0.0,N/A
TwntyKnots,0,Success,4259,2160,1932,228,True,93,100,233.24,0.11694485465378801,26,20.03846153846154,0.8461538461538461,N/A
Diligent_Ninja7794,0,Success,1389,296,271,25,True,0,98,507.6224489795918,0.007675192134337792,2,27.0,0.5,N/A
DDAUNL89,0,Success,1790,33,32,1,True,0,56,86.57142857142857,0.0016102464840076327,0,0.0,0.0,N/A
justhanie,0,Success,85,619,325,294,True,16,100,68.6,0.16318974298068786,22,12.636363636363637,0.36363636363636365,N/A
slightlyinsanitied,0,Success,426,22541,22204,337,False,4,100,72.93,1.9406171162429653,100,2.38,0.74,N/A
newrock,0,Success,5964,1560,1559,1,True,0,0,0.0,0.0,0,0.0,0.0,N/A
Unfair_Organization2,0,Success,1953,948,328,620,True,0,100,71.71,0.0029458251704313288,45,24.444444444444443,0.17777777777777778,N/A
The_Hydro,0,Success,2425,45867,45196,671,True,0,100,85.19,0.13228461033914468,54,20.64814814814815,0.5370370370370371,N/A
UKboots,0,Success,36,7,6,1,True,0,12,75.16666666666667,0.013898357323549576,0,0.0,0.0,N/A
Gubble_Buppie,0,Success,1838,344505,317224,27281,True,1,100,71.46,0.15390732214085084,100,581.04,0.36,N/A
BotDefense,1,Success,2184,16686,121,16565,True,0,58,137.13793103448276,0.6135113534859669,100,1.3,1.0,N/A
WikiTextBot,1,Success,3087,6283184,3141592,3141592,False,0,100,1139.97,21.93383293730579,3,102.66666666666667,0.3333333333333333,N/A
dequeued,1,Success,5033,171560,136692,34868,True,0,100,351.59,0.00545806946536557,13,1024.7692307692307,0.15384615384615385,N/A
abrownn,1,Success,4363,319896,50744,269152,True,194,0,0.0,0.0,2,2.5,0.5,N/A
RepostSleuthBot,1,Success,2483,2680432,2680202,230,True,39,100,496.85,31.869688385269118,5,1884.8,0.6,N/A
